266 183
244 78
270 132
2 151
33 78
270 233
131 180
252 86
128 217
134 179
81 43
30 284
72 46
275 176
80 208
119 279
282 246
168 265
144 174
35 156
2 203
262 222
212 81
49 95
54 10
144 97
169 82
271 189
141 51
164 108
151 146
238 120
138 109
54 28
199 93
12 141
290 261
71 149
43 82
210 241
69 290
10 203
277 199
1 264
89 140
51 16
189 217
158 224
186 137
114 226
80 60
67 65
63 178
79 270
79 166
14 213
65 203
266 29
56 46
90 285
234 65
35 32
148 126
10 36
296 222
269 25
45 26
159 169
71 192
281 41
271 199
51 253
90 231
17 264
175 179
105 238
70 237
171 221
75 104
255 169
138 117
106 73
224 215
5 270
266 102
97 81
142 15
179 126
86 38
142 95
224 4
263 6
23 64
162 175
291 40
144 137
293 114
210 24
32 93
110 150
259 81
232 58
165 53
13 172
261 260
95 196
237 27
251 205
272 38
193 9
215 32
291 76
297 8
291 69
300 76
263 291
71 182
206 32
3 241
130 160
152 105
275 102
148 260
84 169
291 150
26 299
3 234
242 109
93 37
34 249
60 288
220 150
292 286
94 177
286 42
203 8
249 78
181 278
89 153
83 215
83 23
72 19
40 15
110 69
238 160
106 122
98 154
117 185
33 136
28 238
141 218
106 142
259 119
276 281
0 172
43 217
122 127
48 245
12 198
255 251
1 169
47 165
118 119
47 50
94 247
64 20
113 9
153 1
27 175
125 189
261 175
124 236
297 126
193 272
279 238
27 125
234 190
232 51
299 89
83 206
192 96
165 278
288 255
91 103
222 243
227 203
185 100
156 129
207 300
157 163
229 22
86 49
132 208
72 276
238 140
65 284
45 99
29 22
189 15
95 267
40 178
159 281
192 236
198 187
226 181
261 145
162 149
28 71
28 138
23 2
209 130
61 31
176 155
104 254
131 222
183 240
81 189
197 264
117 165
67 173
111 253
187 159
116 51
157 160
17 203
40 29
136 168
221 193
78 131
161 105
269 225
120 191
250 121
112 223
90 79
117 267
16 225
286 40
191 13
100 204
157 87
88 60
159 175
283 147
205 285
80 93
46 118
87 142
198 267
75 211
290 275
158 73
143 133
107 182
190 137
275 92
74 55
129 39
116 140
184 242
26 59
45 65
251 268
31 131
11 169
50 173
89 128
247 39
80 236
165 157
111 278
37 1
49 148
284 229
167 189
250 286
268 236
276 220
42 86
298 108
28 220
57 264
196 178
154 215
34 257
148 123
51 87
84 82
145 73
296 298
31 77
284 241
160 156
198 189
238 214
80 142
167 180
136 163
32 22
189 133
211 157
289 18
8 250
28 63
182 165
62 118
282 186
37 173
14 51
119 293
109 60
