0 1
2 3
4 5
6 7
8 9
10 11
12 13
14 15
16 17
18 19
20 21
22 23
24 25
26 27
26 30
27 31
28 29
30 31
32 33
34 35
36 37
38 39
38 48
39 49
40 41
40 44
41 45
42 43
44 45
46 47
48 49
50 51
52 53
52 56
53 57
54 55
56 57
58 59
60 61
60 62
60 69
61 62
61 70
62 71
63 64
65 66
67 68
69 70
69 71
69 72
70 71
70 73
71 74
72 73
72 74
73 74
75 76
77 78
79 80
81 82
83 84
83 85
84 85
86 87
88 89
90 91
92 93
92 94
93 94
95 96
97 98
99 100
99 101
100 102
101 102
103 104
105 106
107 108
107 109
107 110
108 109
108 111
109 112
110 111
110 112
110 119
111 112
111 120
112 121
113 114
115 116
117 118
119 120
119 121
119 128
120 121
120 129
121 130
122 123
124 125
126 127
128 129
128 130
128 137
129 130
129 138
130 139
131 132
133 134
135 136
137 138
137 139
138 139
140 141
140 142
141 143
142 143
144 145
146 147
146 148
146 151
147 148
147 152
148 153
149 150
151 152
151 153
151 156
152 153
152 157
153 158
154 155
156 157
156 158
156 159
157 158
157 160
158 161
159 160
159 161
159 168
160 161
160 169
161 170
162 163
162 164
162 173
163 165
163 174
164 165
164 173
165 174
166 167
168 169
168 170
168 177
169 170
169 178
170 179
171 172
173 174
173 175
174 176
175 176
177 178
177 179
177 184
178 179
178 185
179 186
180 181
182 183
184 185
184 186
184 187
185 186
185 188
186 189
187 188
187 189
188 189
190 191
192 193
194 195
194 196
195 197
196 197
198 199
200 201
202 203
204 205
204 206
204 207
205 206
205 208
206 209
207 208
207 209
207 214
208 209
208 215
209 216
210 211
212 213
214 215
214 216
215 216
217 218
219 220
221 222
223 224
223 225
223 226
223 229
223 234
224 225
224 227
224 230
224 235
225 228
225 231
225 236
226 227
226 228
226 229
226 234
227 228
227 230
227 235
228 231
228 236
229 230
229 231
229 234
230 231
230 235
231 236
232 233
234 235
234 236
235 236
237 238
239 240
241 242
243 244
243 245
243 250
243 253
244 245
244 251
244 254
245 252
245 255
246 247
248 249
250 251
250 252
250 253
250 260
251 252
251 254
251 261
252 255
252 262
253 254
253 255
253 260
254 255
254 261
255 262
256 257
258 259
260 261
260 262
261 262
263 264
265 266
267 268
267 269
267 274
267 277
267 280
268 269
268 275
268 278
268 281
269 276
269 279
269 282
270 271
272 273
274 275
274 276
274 277
274 280
275 276
275 278
275 281
276 279
276 282
277 278
277 279
277 280
277 289
278 279
278 281
278 290
279 282
279 291
280 281
280 282
280 289
281 282
281 290
282 291
283 284
283 292
284 293
285 286
287 288
289 290
289 291
290 291
292 293
294 295
296 297
298 299
298 300
298 301
298 308
299 300
299 302
299 309
300 303
300 310
301 302
301 303
301 308
302 303
302 309
303 310
304 305
306 307
308 309
308 310
309 310
